11   13000000   0.844
11   13500000   0.864
11   14000000   0.912
11   14500000   0.96
11   15000000   0.982
11   15500000   1.02
11   16000000   1.03
11   16500000   1.062
11   17000000   1.098
11   17500000   1.13
11   18000000   1.166
11   18500000   1.206
11   19000000   1.226
11   19500000   1.246
11   20000000   1.334
11   20500000   1.378
11   21000000   1.424
11   21500000   1.376
11   22000000   1.402
11   22500000   1.43
11   23000000   1.466
11   23500000   1.504
11   24000000   1.528
11   24500000   1.56
11   25000000   1.61
11   25500000   1.662
11   26000000   1.736
11   26500000   1.73
11   27000000   1.8
11   27500000   1.826
11   28000000   1.846
11   28500000   1.844
11   29000000   1.88
11   29500000   1.962
11   30000000   1.94
11   30500000   2.234
11   31000000   2.19
11   31500000   2.08
11   32000000   2.088
11   32500000   2.47
11   33000000   2.544
11   33500000   2.31
